1308731
89270
1633791
86619
569066
126155
1142481
1114001
706791
1784891
180009
210891
50303
1983701
106130
126815
68924
954426
642271
748576
1896046
545361
1666036
570
995
183072
1804861
1526441
925181
437046
118683
2261
1774141
106683
1568671
160288
37415
892701
146700
141735
93177
141905
360231
143690
1015256
159152
237341
587546
65637
945266
66921
1511416
1585896
981151
1266611
845271
875401
1172781
37207
1671986
1320526
80136
1765886
1856881
1799551
752101
32168
148063
1065996
188279
22554
1629326
962396
605071
39559
410981
165680
85924
46429
618631
1492911
1857341
831321
32974
1013021
572336
48968
812921
312116
1494581
1802591
850736
428601
30386
41423
74262
111289
32419
1789556
129058
136030
1698261
121820
1333001
1943491
150612
497226
647916
741181
925551
194447
80082
353376
1877656
511876
733716
1458941
368491
728861
411861
715101
210476
1498756
112421
33710
1507881
79751
72363
42934
30409
1682946
28722
1511366
981
158448
64502
794191
720756
1587071
72773
923646
1640781
85071
1096176
66881
923451
53232
145008
63906
478396
785276
71938
172089
1538286
1307561
1933571
138382
1430221
950131
106681
118496
897136
620756
166217
145431
1478501
1070236
96542
102591
183701
114643
30352
65186
430891
1295376
1689636
138140
478551
1227076
183067
1485856
1754906
379366
188455
962786
462286
176561
69390
48940
62761
1544601
152602
1183356
1699021
541461
106536
267166
1500486
1894321
1699141
58004
1180926
862021
116479
1702941
794796
128542
133982
1103346
460686
73446
109605
935031
819121
189761
183312
100423
173034
1303711
33921
155813
783001
1369641
1698506
532466
554246
51154
500171
773696
105571
828101
48771
913786
52500
44765
104109
1374201
1165766
201426
1044231
1941911
1916321
104453
510821
3800
58038
171756
983
45492
1300966
894366
79784
113885
1671366
88634
93176
311796
124797
286776
72559
1956061
67342
281191
961266
506306
2117
1541976
441846
77794
76878
462906
1958306
1239666
94208
1550311
191306
207296
377016
520506
1843901
968256
144936
112033
262181
1385011
73691
4837
26445
94550
451666
861886
83992
1670536
1307006
1702956
93001
72404
1200806
1189081
431421
748561
433591
415436
76677
1245591
1477631
183729
900896
148510
1934751
240321
77408
415781
173817
547166
71050
79140
948756
40930
183886
685921
142996
795891
1953911
123428
77964
30147
1295411
507351
854156
74909
523231
77797
1698511
132487
162339
39229
1428731
41971
1330536
1181541
1764186
191649
34296
1699036
1892396
109613
1782
79222
5447
483291
22423
183058
545981
735831
1063301
1697966
676101
72772
1951646
285646
83173
74505
193076
332006
748776
103673
129845
839386
821091
500166
73888
64500
70010
106680
265201
845846
1494391
96379
1964206
651596
1835316
124232
138584
48772
872811
36482
93002
172129
435041
92268
322956
1738941
1437981
1492656
1221956
105163
29416
227806
771691
1091961
1234181
40931
706786
258036
70007
427876
1334801
405551
1437956
73450
171743
112420
1441551
112030
67424
85846
1892631
189629
41019
72996
1912386
1016561
1964951
224881
157154
182796
1702766
64717
1098206
692291
128795
760206
1215006
67627
39029
1887406
641236
698556
812061
1258701
694191
333286
48941
654836
1932446
192156
597386
192426
67235
819136
1222456
611991
1515666
156505
129663
1392626
35612
75341
296001
1357751
853771
1835666
417631
402201
59250
1699221
1312146
146072
42935
1742196
96151
897491
34295
1877091
94547
1491406
12286
113931
1225926
1050681
1473246
22769
1526721
135659
1153771
825236
805086
417021
102220
1300741
397056
716581
61646
40461
1742381
105188
131206
1021871
1159706
